10000100000000010000000004239921
10000100000000010000000004239856
10000100000000010000000004239939
10000100000000010000000004239946
10000100000000010000000004239966
10000100000000010000000004239913
10000100000000010000000004239920
10000100000000010000000004239916
10000100000000010000000004239954
10000100000000010000000004239902
10000100000000010000000004239896
10000100000000010000000004239878
10000100000000010000000004239865
10000100000000010000000004239934
10000100000000010000000004239931
10000100000000010000000004239881
10000100000000010000000004239929
10000100000000010000000004239965
10000100000000010000000004239859
10000100000000010000000004239926
10000100000000010000000004239851
10000100000000010000000004239953
10000100000000010000000004239918
10000100000000010000000004239945
10000100000000010000000004239893
10000100000000010000000004239924
10000100000000010000000004239961
10000100000000010000000004239900
10000100000000010000000004239866
10000100000000010000000004239873
10000100000000010000000004239914
10000100000000010000000004239917
10000100000000010000000004239937
10000100000000010000000004239841
10000100000000010000000004239943
10000100000000010000000004239944
10000100000000010000000004239842
10000100000000010000000004239948
10000100000000010000000004239874
10000100000000010000000004239870
10000100000000010000000004239947
10000100000000010000000004239858
10000100000000010000000004239847
10000100000000010000000004239895
10000100000000010000000004239850
10000100000000010000000004239949
10000100000000010000000004239923
10000100000000010000000004239904
10000100000000010000000004239942
10000100000000010000000004239875
10000100000000010000000004239844
10000100000000010000000004239852
10000100000000010000000004239883
10000100000000010000000004239877
10000100000000010000000004239892
10000100000000010000000004239849
10000100000000010000000004239885
10000100000000010000000004239940
10000100000000010000000004239950
10000100000000010000000004239890
10000100000000010000000004239876
10000100000000010000000004239860
10000100000000010000000004239857
10000100000000010000000004239933
10000100000000010000000004239952
10000100000000010000000004239925
10000100000000010000000004239869
10000100000000010000000004239935
10000100000000010000000004239959
10000100000000010000000004239908
10000100000000010000000004239861
10000100000000010000000004239853
10000100000000010000000004239845
10000100000000010000000004239936
10000100000000010000000004239867
10000100000000010000000004239968
10000100000000010000000004239958
10000100000000010000000004239941
10000100000000010000000004239848
10000100000000010000000004239951
10000100000000010000000004239915
10000100000000010000000004239884
10000100000000010000000004239871
10000100000000010000000004239930
10000100000000010000000004239909
10000100000000010000000004239910
10000100000000010000000004239891
10000100000000010000000004239854
10000100000000010000000004239962
10000100000000010000000004239901
10000100000000010000000004239846
10000100000000010000000004239868
10000100000000010000000004239927
10000100000000010000000004239882
10000100000000010000000004239963
10000100000000010000000004239911
10000100000000010000000004239967
10000100000000010000000004239894
10000100000000010000000004239862
10000105000000010000000004239877