10000100000000010000000004233481
10000100000000010000000004233518
10000100000000010000000004233504
10000100000000010000000004233495
10000100000000010000000004233489
10000100000000010000000004233491
10000100000000010000000004233497
10000100000000010000000004233514
10000100000000010000000004233496
10000100000000010000000004233530
10000100000000010000000004233501
10000100000000010000000004233506
10000100000000010000000004233522
10000100000000010000000004233488
10000100000000010000000004233500
10000100000000010000000004233512
10000100000000010000000004233499
10000100000000010000000004233502
10000100000000010000000004233520
10000100000000010000000004233479
10000100000000010000000004233493
10000100000000010000000004233526
10000100000000010000000004233528
10000100000000010000000004233505
10000100000000010000000004233485
10000100000000010000000004233487
10000100000000010000000004233490
10000100000000010000000004233498
10000100000000010000000004233494
10000100000000010000000004233524
10000100000000010000000004233507
10000100000000010000000004233482
10000100000000010000000004233527
10000100000000010000000004233508
10000100000000010000000004233523
10000100000000010000000004233529
10000100000000010000000004233486
10000100000000010000000004233480
10000100000000010000000004233492
10000100000000010000000004233516
10000100000000010000000004233484
10000100000000010000000004233515
10000100000000010000000004233503
10000100000000010000000004233511
10000100000000010000000004233525
10000100000000010000000004233519
10000100000000010000000004233483
10000100000000010000000004233517
10000100000000010000000004233510
10000100000000010000000004233521
10000100000000010000000004233509
10000100000000010000000004233513
10000100000000010000000004236035
10000100000000010000000004236054
10000100000000010000000004236081
10000100000000010000000004236061
10000100000000010000000004236069
10000100000000010000000004236050
10000100000000010000000004236058
10000100000000010000000004236045
10000100000000010000000004236064
10000100000000010000000004236059
10000100000000010000000004236065
10000100000000010000000004236068
10000100000000010000000004236036
10000100000000010000000004236044
10000100000000010000000004236040
10000100000000010000000004236076
10000100000000010000000004236066
10000100000000010000000004236038
10000100000000010000000004236063
10000100000000010000000004236053
10000100000000010000000004236086
10000100000000010000000004236082
10000100000000010000000004236034
10000100000000010000000004236072
10000100000000010000000004236047
10000100000000010000000004236074
10000100000000010000000004236056
10000100000000010000000004236055
10000100000000010000000004236060
10000100000000010000000004236052
10000100000000010000000004236084
10000100000000010000000004236080
10000100000000010000000004236085
10000100000000010000000004236039
10000100000000010000000004236077
10000100000000010000000004236078
10000100000000010000000004236051
10000100000000010000000004236062
10000100000000010000000004236043
10000100000000010000000004236037
10000100000000010000000004236075
10000100000000010000000004236048
10000100000000010000000004236079
10000100000000010000000004236070
10000100000000010000000004236083
10000100000000010000000004236041
10000100000000010000000004236057
10000100000000010000000004236071
10000100000000010000000004236067
10000100000000010000000004236049
10000100000000010000000004236033
10000100000000010000000004236046
10000100000000010000000004238673
10000100000000010000000004238701
10000100000000010000000004238685
10000100000000010000000004238696
10000100000000010000000004238702
10000100000000010000000004238668
10000100000000010000000004238660
10000100000000010000000004238675
10000100000000010000000004238671
10000100000000010000000004238699
10000100000000010000000004238664
10000100000000010000000004238658
10000100000000010000000004238679
10000100000000010000000004238692
10000100000000010000000004238687
10000100000000010000000004238659
10000100000000010000000004238703
10000100000000010000000004238667
10000100000000010000000004238680
10000100000000010000000004238706
10000100000000010000000004238682
10000100000000010000000004238678
10000100000000010000000004238694
10000100000000010000000004238705
10000100000000010000000004238709
10000100000000010000000004238681
10000100000000010000000004238683
10000100000000010000000004238672
10000100000000010000000004238665
10000100000000010000000004238684
10000100000000010000000004238693
10000100000000010000000004238661
10000100000000010000000004238697
10000100000000010000000004238670
10000100000000010000000004238704
10000100000000010000000004238707
10000100000000010000000004238689
10000100000000010000000004238676
10000100000000010000000004238663
10000100000000010000000004238708
10000100000000010000000004238677
10000100000000010000000004238690
10000100000000010000000004238691
10000100000000010000000004238698
10000100000000010000000004238695
10000100000000010000000004238662
10000100000000010000000004238688
10000100000000010000000004238674
10000100000000010000000004238700
10000100000000010000000004238686
10000100000000010000000004238666
10000100000000010000000004238669
10000100000000010000000004239512
10000100000000010000000004239492
10000100000000010000000004239469
10000100000000010000000004239465
10000100000000010000000004239470
10000100000000010000000004239501
10000100000000010000000004239468
10000100000000010000000004239487
10000100000000010000000004239498
10000100000000010000000004239489
10000100000000010000000004239476
10000100000000010000000004239513
10000100000000010000000004239483
10000100000000010000000004239482
10000100000000010000000004239490
10000100000000010000000004239510
10000100000000010000000004239479
10000100000000010000000004239467
10000100000000010000000004239481
10000100000000010000000004239488
10000100000000010000000004239511
10000100000000010000000004239464
10000100000000010000000004239506
10000100000000010000000004239499
10000100000000010000000004239507
10000100000000010000000004239500
10000100000000010000000004239502
10000100000000010000000004239505
10000100000000010000000004239480
10000100000000010000000004239471
10000100000000010000000004239491
10000100000000010000000004239473
10000100000000010000000004239486
10000100000000010000000004239475
10000100000000010000000004239478
10000100000000010000000004239503
10000100000000010000000004239477
10000100000000010000000004239497
10000100000000010000000004239509
10000100000000010000000004239514
10000100000000010000000004239515
10000100000000010000000004239484
10000100000000010000000004239504
10000100000000010000000004239508
10000100000000010000000004239466
10000100000000010000000004239472
10000100000000010000000004239493
10000100000000010000000004239474
10000100000000010000000004239496
10000100000000010000000004239495
10000100000000010000000004239485
10000100000000010000000004239494
10000100000000010000000004242845
10000100000000010000000004242859
10000100000000010000000004242856
10000100000000010000000004242866
10000100000000010000000004242833
10000100000000010000000004242867
10000100000000010000000004242826
10000100000000010000000004242854
10000100000000010000000004242853
10000100000000010000000004242840
10000100000000010000000004242860
10000100000000010000000004242851
10000100000000010000000004242847
10000100000000010000000004242862
10000100000000010000000004242846
10000100000000010000000004242828
10000100000000010000000004242835
10000100000000010000000004242830
10000100000000010000000004242834
10000100000000010000000004242870
10000100000000010000000004242829
10000100000000010000000004242837
10000100000000010000000004242827
10000100000000010000000004242871
10000100000000010000000004242849
10000100000000010000000004242843
10000100000000010000000004242869
10000100000000010000000004242844
10000100000000010000000004242850
10000100000000010000000004242825
10000100000000010000000004242831
10000100000000010000000004242863
10000100000000010000000004242874
10000100000000010000000004242875
10000100000000010000000004242852
10000100000000010000000004242872
10000100000000010000000004242861
10000100000000010000000004242865
10000100000000010000000004242838
10000100000000010000000004242858
10000100000000010000000004242841
10000100000000010000000004242842
10000100000000010000000004242873
10000100000000010000000004242832
10000100000000010000000004242876
10000100000000010000000004242864
10000100000000010000000004242836
10000100000000010000000004242857
10000100000000010000000004242839
10000100000000010000000004242855
10000100000000010000000004242868
10000100000000010000000004242848
10000100000000010000000004245010
10000100000000010000000004245026
10000100000000010000000004245059
10000100000000010000000004245033
10000100000000010000000004245044
10000100000000010000000004245027
10000100000000010000000004245050
10000100000000010000000004245051
10000100000000010000000004245054
10000100000000010000000004245045
10000100000000010000000004245060
10000100000000010000000004245024
10000100000000010000000004245016
10000100000000010000000004245055
10000100000000010000000004245035
10000100000000010000000004245029
10000100000000010000000004245037
10000100000000010000000004245043
10000100000000010000000004245038
10000100000000010000000004245053
10000100000000010000000004245022
10000100000000010000000004245056
10000100000000010000000004245048
10000100000000010000000004245019
10000100000000010000000004245061
10000100000000010000000004245039
10000100000000010000000004245025
10000100000000010000000004245034
10000100000000010000000004245011
10000100000000010000000004245058
10000100000000010000000004245013
10000100000000010000000004245020
10000100000000010000000004245014
10000100000000010000000004245023
10000100000000010000000004245046
10000100000000010000000004245047
10000100000000010000000004245017
10000100000000010000000004245057
10000100000000010000000004245052
10000100000000010000000004245030
10000100000000010000000004245021
10000100000000010000000004245012
10000100000000010000000004245040
10000100000000010000000004245015
10000100000000010000000004245028
10000100000000010000000004245042
10000100000000010000000004245032
10000100000000010000000004245018
10000100000000010000000004245036
10000100000000010000000004245031
10000100000000010000000004245049
10000100000000010000000004245041
10000100000000010000000004245950
10000100000000010000000004245959
10000100000000010000000004245960
10000100000000010000000004245942
10000100000000010000000004245933
10000100000000010000000004245953
10000100000000010000000004245940
10000100000000010000000004245965
10000100000000010000000004245930
10000100000000010000000004245944
10000100000000010000000004245954
10000100000000010000000004245938
10000100000000010000000004245932
10000100000000010000000004245927
10000100000000010000000004245941
10000100000000010000000004245928
10000100000000010000000004245955
10000100000000010000000004245934
10000100000000010000000004245929
10000100000000010000000004245924
10000100000000010000000004245937
10000100000000010000000004245973
10000100000000010000000004245935
10000100000000010000000004245943
10000100000000010000000004245923
10000100000000010000000004245963
10000100000000010000000004245970
10000100000000010000000004245925
10000100000000010000000004245967
10000100000000010000000004245958
10000100000000010000000004245951
10000100000000010000000004245947
10000100000000010000000004245961
10000100000000010000000004245926
10000100000000010000000004245949
10000100000000010000000004245952
10000100000000010000000004245939
10000100000000010000000004245974
10000100000000010000000004245936
10000100000000010000000004245964
10000100000000010000000004245946
10000100000000010000000004245969
10000100000000010000000004245968
10000100000000010000000004245956
10000100000000010000000004245945
10000100000000010000000004245962
10000100000000010000000004245971
10000100000000010000000004245966
10000100000000010000000004245948
10000100000000010000000004245957
10000100000000010000000004245972
10000100000000010000000004245931
10000100000000010000000004257250
10000100000000010000000004257345
10000100000000010000000004257332
10000100000000010000000004257282
10000100000000010000000004257247
10000100000000010000000004257265
10000100000000010000000004257337
10000100000000010000000004257358
10000100000000010000000004257263
10000100000000010000000004257300
10000100000000010000000004257339
10000100000000010000000004257326
10000100000000010000000004257262
10000100000000010000000004257327
10000100000000010000000004257311
10000100000000010000000004257353
10000100000000010000000004257351
10000100000000010000000004257352
10000100000000010000000004257314
10000100000000010000000004257278
10000100000000010000000004257261
10000100000000010000000004257273
10000100000000010000000004257258
10000100000000010000000004257245
10000100000000010000000004257252
10000100000000010000000004257331
10000100000000010000000004257287
10000100000000010000000004257315
10000100000000010000000004257270
10000100000000010000000004257325
10000100000000010000000004257286
10000100000000010000000004257289
10000100000000010000000004257255
10000100000000010000000004257313
10000100000000010000000004257350
10000100000000010000000004257293
10000100000000010000000004257330
10000100000000010000000004257338
10000100000000010000000004257266
10000100000000010000000004257319
10000100000000010000000004257297
10000100000000010000000004257269
10000100000000010000000004257301
10000100000000010000000004257359
10000100000000010000000004257246
10000100000000010000000004257335
10000100000000010000000004257349
10000100000000010000000004257279
10000100000000010000000004257317
10000100000000010000000004257256
10000100000000010000000004257303
10000100000000010000000004257285
10000100000000010000000004257268
10000100000000010000000004257272
10000100000000010000000004257299
10000100000000010000000004257276
10000100000000010000000004257264
10000100000000010000000004257309
10000100000000010000000004257336
10000100000000010000000004257316
10000100000000010000000004257257
10000100000000010000000004257318
10000100000000010000000004257355
10000100000000010000000004257356
10000100000000010000000004257324
10000100000000010000000004257294
10000100000000010000000004257340
10000100000000010000000004257292
10000100000000010000000004257274
10000100000000010000000004257288
10000100000000010000000004257304
10000100000000010000000004257334
10000100000000010000000004257296
10000100000000010000000004257321
10000100000000010000000004257360
10000100000000010000000004257341
10000100000000010000000004257298
10000100000000010000000004257259
10000100000000010000000004257343
10000100000000010000000004257362
10000100000000010000000004257306
10000100000000010000000004257267
10000100000000010000000004257248
10000100000000010000000004257283
10000100000000010000000004257328
10000100000000010000000004257291
10000100000000010000000004257322
10000100000000010000000004257280
10000100000000010000000004257348
10000100000000010000000004257354
10000100000000010000000004257249
10000100000000010000000004257277
10000100000000010000000004257275
10000100000000010000000004257302
10000100000000010000000004257305
10000100000000010000000004257347
10000100000000010000000004257290
10000100000000010000000004257271
10000100000000010000000004257308
10000100000000010000000004257281
10000100000000010000000004257344
10000100000000010000000004257323
10000100000000010000000004257284
10000100000000010000000004257310
10000100000000010000000004257357
10000100000000010000000004257295
10000100000000010000000004257254
10000100000000010000000004257312
10000100000000010000000004257253
10000100000000010000000004257251
10000100000000010000000004257307
10000100000000010000000004257260
10000100000000010000000004257329
10000100000000010000000004257342
10000100000000010000000004257320
10000100000000010000000004257361
10000100000000010000000004257346
10000100000000010000000004257333
10000100000000010000000004618286
10000100000000010000000004618277
10000100000000010000000004618276
10000100000000010000000004618274
10000100000000010000000004618268
10000100000000010000000004618267
10000100000000010000000004618264
10000100000000010000000004618262
10000100000000010000000004618261
10000100000000010000000004618259
10000100000000010000000004618253
10000100000000010000000004618215
10000100000000010000000004616393
10000100000000010000000004616392
10000100000000010000000004616391
10000100000000010000000004616390
10000100000000010000000004616370
10000100000000010000000004616367
10000100000000010000000004614815
10000100000000010000000004614822
10000100000000010000000004614845
10000100000000010000000004614825
10000100000000010000000004614812
10000100000000010000000004614807
10000100000000010000000004614811
10000100000000010000000004614816
10000100000000010000000004614857
10000100000000010000000004614855
10000100000000010000000004614830
10000100000000010000000004614809
10000100000000010000000004614858
10000100000000010000000004614814
10000100000000010000000004614836
10000100000000010000000004614827
10000100000000010000000004614843
10000100000000010000000004614821
10000100000000010000000004614837
10000100000000010000000004614835
10000100000000010000000004614818
10000100000000010000000004614842
10000100000000010000000004614826
10000100000000010000000004614852
10000100000000010000000004614846
10000100000000010000000004614828
10000100000000010000000004614839
10000100000000010000000004614853
10000100000000010000000004614844
10000100000000010000000004614851
10000100000000010000000004614848
10000100000000010000000004614833
10000100000000010000000004614829
10000100000000010000000004614824
10000100000000010000000004614813
10000100000000010000000004614834
10000100000000010000000004614820
10000100000000010000000004614850
10000100000000010000000004614840
10000100000000010000000004614841
10000100000000010000000004614849
10000100000000010000000004614856
10000100000000010000000004614831
10000100000000010000000004614808
10000100000000010000000004614832
10000100000000010000000004614854
10000100000000010000000004614823
10000100000000010000000004614817
10000100000000010000000004614838
10000100000000010000000004614810
10000100000000010000000004614847
10000100000000010000000004614819
10000100000000010000000004614774
10000100000000010000000004614762
10000100000000010000000004614754
10000100000000010000000004614791
10000100000000010000000004614772
10000100000000010000000004614800
10000100000000010000000004614783
10000100000000010000000004614777
10000100000000010000000004614766
10000100000000010000000004614757
10000100000000010000000004614802
10000100000000010000000004614790
10000100000000010000000004614760
10000100000000010000000004614769
10000100000000010000000004614759
10000100000000010000000004614779
10000100000000010000000004614788
10000100000000010000000004614756
10000100000000010000000004614768
10000100000000010000000004614780
10000100000000010000000004614796
10000100000000010000000004614798
10000100000000010000000004614778
10000100000000010000000004614799
10000100000000010000000004614803
10000100000000010000000004614764
10000100000000010000000004614761
10000100000000010000000004614781
10000100000000010000000004614758
10000100000000010000000004614787
10000100000000010000000004614763
10000100000000010000000004614775
10000100000000010000000004614786
10000100000000010000000004614770
10000100000000010000000004614767
10000100000000010000000004614805
10000100000000010000000004614797
10000100000000010000000004614795
10000100000000010000000004614785
10000100000000010000000004614782
10000100000000010000000004614794
10000100000000010000000004614789
10000100000000010000000004614793
10000100000000010000000004614776
10000100000000010000000004614771
10000100000000010000000004614765
10000100000000010000000004614804
10000100000000010000000004614801
10000100000000010000000004614755
10000100000000010000000004614792
10000100000000010000000004614784
10000100000000010000000004614773
10000100000000010000000004612308
10000100000000010000000004612310
10000100000000010000000004612309
10000100000000010000000004612313
10000100000000010000000004612311
10000100000000010000000004612312
10000100000000010000000004612177
10000100000000010000000004612168
10000100000000010000000004612176
10000100000000010000000004612166
10000100000000010000000004612174
10000100000000010000000004612167
10000100000000010000000004612160
10000100000000010000000004612172
10000100000000010000000004612180
10000100000000010000000004612164
10000100000000010000000004612163
10000100000000010000000004612182
10000100000000010000000004612170
10000100000000010000000004612175
10000100000000010000000004612169
10000100000000010000000004612181
10000100000000010000000004612184
10000100000000010000000004612183
10000100000000010000000004612171
10000100000000010000000004612165
10000100000000010000000004612178
10000100000000010000000004612162
10000100000000010000000004612161
10000100000000010000000004612173
10000100000000010000000004612159
10000100000000010000000004612179
10000100000000010000000004618829
10000100000000010000000004618836
10000100000000010000000004618850
10000100000000010000000004618841
10000100000000010000000004618835
10000100000000010000000004618833
10000100000000010000000004618848
10000100000000010000000004618847
10000100000000010000000004618838
10000100000000010000000004618828
10000100000000010000000004618842
10000100000000010000000004618840
10000100000000010000000004618846
10000100000000010000000004618837
10000100000000010000000004618845
10000100000000010000000004618849
10000100000000010000000004618851
10000100000000010000000004618831
10000100000000010000000004618839
10000100000000010000000004618844
10000100000000010000000004618853
10000100000000010000000004618834
10000100000000010000000004618843
10000100000000010000000004618832
10000100000000010000000004618830
10000100000000010000000004618852
10000100000000010000000004621332
10000100000000010000000004621331
10000100000000010000000004621334
10000100000000010000000004621333
10000100000000010000000004621330
10000100000000010000000004621335
10000100000000010000000004621319
10000100000000010000000004621320
10000100000000010000000004621322
10000100000000010000000004621323
10000100000000010000000004621318
10000100000000010000000004621325
10000100000000010000000004621324
10000100000000010000000004621317
10000100000000010000000004621328
10000100000000010000000004621327
10000100000000010000000004621321
10000100000000010000000004621329
10000100000000010000000004621326
10000100000000010000000004621801
10000100000000010000000004621793
10000100000000010000000004621794
10000100000000010000000004621782
10000100000000010000000004621785
10000100000000010000000004621776
10000100000000010000000004621780
10000100000000010000000004621792
10000100000000010000000004621798
10000100000000010000000004621795
10000100000000010000000004621786
10000100000000010000000004621788
10000100000000010000000004621781
10000100000000010000000004621802
10000100000000010000000004621799
10000100000000010000000004621772
10000100000000010000000004621796
10000100000000010000000004621783
10000100000000010000000004621784
10000100000000010000000004621797
10000100000000010000000004621803
10000100000000010000000004621790
10000100000000010000000004621791
10000100000000010000000004621800
10000100000000010000000004621773
10000100000000010000000004621771
10000100000000010000000004621770
10000100000000010000000004621777
10000100000000010000000004621767
10000100000000010000000004621779
10000100000000010000000004621774
10000100000000010000000004621778
10000100000000010000000004621764
10000100000000010000000004621766
10000100000000010000000004621775
10000100000000010000000004621789
10000100000000010000000004621765
10000100000000010000000004621787
10000100000000010000000004621769
10000100000000010000000004621768
10000100000000010000000004621446
10000100000000010000000004621443
10000100000000010000000004621444
10000100000000010000000004621441
10000100000000010000000004621442
10000100000000010000000004621440
10000100000000010000000004621445
10000100000000010000000004621438
10000100000000010000000004621447
10000100000000010000000004621439
10000100000000010000000004621437
10000100000000010000000004621436
10000100000000010000000004621448
10000100000000010000000004621818
10000100000000010000000004621808
10000100000000010000000004621819
10000100000000010000000004621806
10000100000000010000000004621815
10000100000000010000000004621810
10000100000000010000000004621812
10000100000000010000000004621821
10000100000000010000000004621816
10000100000000010000000004621823
10000100000000010000000004621825
10000100000000010000000004621814
10000100000000010000000004621822
10000100000000010000000004621817
10000100000000010000000004621824
10000100000000010000000004621820
10000100000000010000000004621809
10000100000000010000000004621807
10000100000000010000000004621813
10000100000000010000000004621811
10000100000000010000000004622209
10000100000000010000000004622186
10000100000000010000000004622192
10000100000000010000000004622189
10000100000000010000000004622193
10000100000000010000000004622191
10000100000000010000000004622201
10000100000000010000000004622188
10000100000000010000000004622195
10000100000000010000000004622200
10000100000000010000000004622205
10000100000000010000000004622185
10000100000000010000000004622194
10000100000000010000000004622197
10000100000000010000000004622203
10000100000000010000000004622187
10000100000000010000000004622190
10000100000000010000000004622202
10000100000000010000000004622184
10000100000000010000000004622196
10000100000000010000000004622206
10000100000000010000000004622199
10000100000000010000000004622207
10000100000000010000000004622208
10000100000000010000000004622198
10000100000000010000000004622204
10000100000000010000000004637725
10000100000000010000000004637716
10000100000000010000000004637706
10000100000000010000000004637701
10000100000000010000000004637720
10000100000000010000000004637704
10000100000000010000000004637694
10000100000000010000000004637691
10000100000000010000000004637724
10000100000000010000000004637719
10000100000000010000000004637722
10000100000000010000000004637695
10000100000000010000000004637709
10000100000000010000000004637697
10000100000000010000000004637699
10000100000000010000000004637715
10000100000000010000000004637705
10000100000000010000000004637692
10000100000000010000000004637696
10000100000000010000000004637726
10000100000000010000000004637698
10000100000000010000000004637728
10000100000000010000000004637712
10000100000000010000000004637703
10000100000000010000000004637689
10000100000000010000000004637718
10000100000000010000000004637708
10000100000000010000000004637693
10000100000000010000000004637690
10000100000000010000000004637713
10000100000000010000000004637714
10000100000000010000000004637727
10000100000000010000000004637717
10000100000000010000000004637700
10000100000000010000000004637721
10000100000000010000000004637707
10000100000000010000000004637711
10000100000000010000000004637702
10000100000000010000000004637723
10000100000000010000000004637710
10000100000000010000000004631713
10000100000000010000000004631714
10000100000000010000000004631716
10000100000000010000000004631718
10000100000000010000000004631721
10000100000000010000000004631719
10000100000000010000000004631723
10000100000000010000000004631717
10000100000000010000000004631715
10000100000000010000000004631720
10000100000000010000000004631722
10000100000000010000000004631724
10000100000000010000000004631141
10000100000000010000000004631145
10000100000000010000000004631146
10000100000000010000000004631144
10000100000000010000000004631142
10000100000000010000000004631143
10000100000000010000000004631120
10000100000000010000000004631122
10000100000000010000000004631117
10000100000000010000000004631113
10000100000000010000000004631129
10000100000000010000000004631115
10000100000000010000000004631123
10000100000000010000000004631128
10000100000000010000000004631116
10000100000000010000000004631124
10000100000000010000000004631121
10000100000000010000000004631118
10000100000000010000000004631125
10000100000000010000000004631127
10000100000000010000000004631126
10000100000000010000000004631119
10000100000000010000000004631114
10000100000000010000000004631112
10000100000000010000000004654985
10000100000000010000000004654984
10000100000000010000000004654983
10000100000000010000000004654982
10000100000000010000000004654986
10000100000000010000000004666685
10000100000000010000000004666718
10000100000000010000000004666701
10000100000000010000000004666698
10000100000000010000000004666739
10000100000000010000000004666745
10000100000000010000000004666705
10000100000000010000000004666683
10000100000000010000000004666704
10000100000000010000000004666710
10000100000000010000000004666692
10000100000000010000000004666694
10000100000000010000000004666696
10000100000000010000000004666716
10000100000000010000000004666738
10000100000000010000000004666695
10000100000000010000000004666689
10000100000000010000000004666703
10000100000000010000000004666715
10000100000000010000000004666743
10000100000000010000000004666726
10000100000000010000000004666688
10000100000000010000000004666741
10000100000000010000000004666722
10000100000000010000000004666713
10000100000000010000000004666730
10000100000000010000000004666702
10000100000000010000000004666690
10000100000000010000000004666724
10000100000000010000000004666700
10000100000000010000000004666714
10000100000000010000000004666732
10000100000000010000000004666719
10000100000000010000000004666687
10000100000000010000000004666717
10000100000000010000000004666720
10000100000000010000000004666711
10000100000000010000000004666734
10000100000000010000000004666699
10000100000000010000000004666737
10000100000000010000000004666697
10000100000000010000000004666708
10000100000000010000000004666725
10000100000000010000000004666707
10000100000000010000000004666712
10000100000000010000000004666740
10000100000000010000000004666735
10000100000000010000000004666693
10000100000000010000000004666742
10000100000000010000000004666721
10000100000000010000000004666736
10000100000000010000000004666744
10000100000000010000000004666686
10000100000000010000000004666682
10000100000000010000000004666731
10000100000000010000000004666729
10000100000000010000000004666684
10000100000000010000000004666706
10000100000000010000000004666733
10000100000000010000000004666709
10000100000000010000000004666723
10000100000000010000000004666728
10000100000000010000000004666727
10000100000000010000000004666691
10000100000000010000000004666987
10000100000000010000000004666966
10000100000000010000000004666983
10000100000000010000000004666979
10000100000000010000000004666968
10000100000000010000000004666982
10000100000000010000000004666991
10000100000000010000000004666971
10000100000000010000000004666975
10000100000000010000000004666967
10000100000000010000000004666978
10000100000000010000000004666986
10000100000000010000000004666989
10000100000000010000000004666973
10000100000000010000000004666976
10000100000000010000000004666985
10000100000000010000000004666990
10000100000000010000000004666970
10000100000000010000000004666977
10000100000000010000000004666972
10000100000000010000000004666974
10000100000000010000000004666988
10000100000000010000000004666984
10000100000000010000000004666969
10000100000000010000000004666981
10000100000000010000000004666980
10000100000000010000000004667471
10000100000000010000000004667475
10000100000000010000000004667462
10000100000000010000000004667467
10000100000000010000000004667466
10000100000000010000000004667481
10000100000000010000000004667456
10000100000000010000000004667469
10000100000000010000000004667459
10000100000000010000000004667464
10000100000000010000000004667474
10000100000000010000000004667478
10000100000000010000000004667460
10000100000000010000000004667473
10000100000000010000000004667468
10000100000000010000000004667465
10000100000000010000000004667461
10000100000000010000000004667479
10000100000000010000000004667476
10000100000000010000000004667477
10000100000000010000000004667457
10000100000000010000000004667470
10000100000000010000000004667458
10000100000000010000000004667472
10000100000000010000000004667463
10000100000000010000000004667480
10000100000000010000000004667505
10000100000000010000000004667509
10000100000000010000000004667526
10000100000000010000000004667508
10000100000000010000000004667522
10000100000000010000000004667523
10000100000000010000000004667519
10000100000000010000000004667517
10000100000000010000000004667503
10000100000000010000000004667520
10000100000000010000000004667521
10000100000000010000000004667516
10000100000000010000000004667511
10000100000000010000000004667510
10000100000000010000000004667504
10000100000000010000000004667507
10000100000000010000000004667525
10000100000000010000000004667524
10000100000000010000000004667527
10000100000000010000000004667518
10000100000000010000000004667506
10000100000000010000000004667513
10000100000000010000000004667512
10000100000000010000000004667514
10000100000000010000000004667502
10000100000000010000000004667515
10000100000000010000000004667727
10000100000000010000000004667713
10000100000000010000000004667708
10000100000000010000000004667731
10000100000000010000000004667718
10000100000000010000000004667724
10000100000000010000000004667716
10000100000000010000000004667711
10000100000000010000000004667725
10000100000000010000000004667720
10000100000000010000000004667712
10000100000000010000000004667710
10000100000000010000000004667722
10000100000000010000000004667723
10000100000000010000000004667732
10000100000000010000000004667730
10000100000000010000000004667721
10000100000000010000000004667714
10000100000000010000000004667729
10000100000000010000000004667717
10000100000000010000000004667726
10000100000000010000000004667709
10000100000000010000000004667715
10000100000000010000000004667728
10000100000000010000000004667719
10000100000000010000000004667707
10000100000000010000000004667914
10000100000000010000000004667918
10000100000000010000000004667919
10000100000000010000000004667915
10000100000000010000000004667920
10000100000000010000000004667922
10000100000000010000000004667917
10000100000000010000000004667921
10000100000000010000000004667916
10000100000000010000000004667913
10000100000000010000000004669684
10000100000000010000000004669676
10000100000000010000000004669678
10000100000000010000000004669674
10000100000000010000000004669686
10000100000000010000000004669668
10000100000000010000000004669661
10000100000000010000000004669687
10000100000000010000000004669689
10000100000000010000000004669667
10000100000000010000000004669683
10000100000000010000000004669681
10000100000000010000000004669671
10000100000000010000000004669682
10000100000000010000000004669660
10000100000000010000000004669675
10000100000000010000000004669688
10000100000000010000000004669662
10000100000000010000000004669677
10000100000000010000000004669691
10000100000000010000000004669663
10000100000000010000000004669669
10000100000000010000000004669664
10000100000000010000000004669670
10000100000000010000000004669673
10000100000000010000000004669672
10000100000000010000000004669690
10000100000000010000000004669679
10000100000000010000000004669666
10000100000000010000000004669665
10000100000000010000000004669680
10000100000000010000000004669685
10000100000000010000000004670016
10000100000000010000000004670015
10000100000000010000000004670014
10000100000000010000000004670013
10000100000000010000000004670011
10000100000000010000000004670018
10000100000000010000000004670017
10000100000000010000000004670012
10000100000000010000000004670010
10000100000000010000000004670009
10000100000000010000000004670020
10000100000000010000000004670019
10000100000000010000000004670161
10000100000000010000000004670144
10000100000000010000000004670122
10000100000000010000000004670131
10000100000000010000000004670135
10000100000000010000000004670155
10000100000000010000000004670139
10000100000000010000000004670148
10000100000000010000000004670125
10000100000000010000000004670133
10000100000000010000000004670136
10000100000000010000000004670165
10000100000000010000000004670153
10000100000000010000000004670134
10000100000000010000000004670154
10000100000000010000000004670124
10000100000000010000000004670150
10000100000000010000000004670164
10000100000000010000000004670157
10000100000000010000000004670160
10000100000000010000000004670129
10000100000000010000000004670171
10000100000000010000000004670146
10000100000000010000000004670169
10000100000000010000000004670137
10000100000000010000000004670141
10000100000000010000000004670158
10000100000000010000000004670145
10000100000000010000000004670147
10000100000000010000000004670162
10000100000000010000000004670123
10000100000000010000000004670140
10000100000000010000000004670127
10000100000000010000000004670132
10000100000000010000000004670173
10000100000000010000000004670167
10000100000000010000000004670128
10000100000000010000000004670168
10000100000000010000000004670156
10000100000000010000000004670166
10000100000000010000000004670151
10000100000000010000000004670163
10000100000000010000000004670142
10000100000000010000000004670172
10000100000000010000000004670126
10000100000000010000000004670143
10000100000000010000000004670170
10000100000000010000000004670149
10000100000000010000000004670152
10000100000000010000000004670138
10000100000000010000000004670130
10000100000000010000000004670159
10000100000000010000000004670758
10000100000000010000000004670751
10000100000000010000000004670741
10000100000000010000000004670766
10000100000000010000000004670761
10000100000000010000000004670764
10000100000000010000000004670765
10000100000000010000000004670747
10000100000000010000000004670748
10000100000000010000000004670753
10000100000000010000000004670746
10000100000000010000000004670760
10000100000000010000000004670750
10000100000000010000000004670754
10000100000000010000000004670752
10000100000000010000000004670762
10000100000000010000000004670756
10000100000000010000000004670763
10000100000000010000000004670742
10000100000000010000000004670755
10000100000000010000000004670757
10000100000000010000000004670759
10000100000000010000000004670744
10000100000000010000000004670743
10000100000000010000000004670749
10000100000000010000000004670745
10000100000000010000000004651894
10000100000000010000000004651880
10000100000000010000000004651873
10000100000000010000000004651876
10000100000000010000000004651888
10000100000000010000000004651884
10000100000000010000000004651879
10000100000000010000000004651874
10000100000000010000000004651871
10000100000000010000000004651869
10000100000000010000000004651872
10000100000000010000000004651887
10000100000000010000000004651882
10000100000000010000000004651881
10000100000000010000000004651892
10000100000000010000000004651885
10000100000000010000000004651886
10000100000000010000000004651875
10000100000000010000000004651897
10000100000000010000000004651890
10000100000000010000000004651891
10000100000000010000000004651895
10000100000000010000000004651877
10000100000000010000000004651870
10000100000000010000000004651893
10000100000000010000000004651878
10000100000000010000000004651868
10000100000000010000000004651883
10000100000000010000000004651896
10000100000000010000000004651889
10000100000000010000000004651948
10000100000000010000000004651942
10000100000000010000000004651962
10000100000000010000000004651960
10000100000000010000000004651949
10000100000000010000000004651944
10000100000000010000000004651951
10000100000000010000000004651956
10000100000000010000000004651953
10000100000000010000000004651943
10000100000000010000000004651957
10000100000000010000000004651952
10000100000000010000000004651945
10000100000000010000000004651955
10000100000000010000000004651959
10000100000000010000000004651946
10000100000000010000000004651963
10000100000000010000000004651958
10000100000000010000000004651961
10000100000000010000000004651950
10000100000000010000000004651954
10000100000000010000000004651941
10000100000000010000000004651940
10000100000000010000000004651947
10000100000000010000000004652231
10000100000000010000000004652232
10000100000000010000000004652225
10000100000000010000000004652233
10000100000000010000000004652222
10000100000000010000000004652234
10000100000000010000000004652221
10000100000000010000000004652236
10000100000000010000000004652238
10000100000000010000000004652237
10000100000000010000000004652235
10000100000000010000000004652226
10000100000000010000000004652227
10000100000000010000000004652230
10000100000000010000000004652224
10000100000000010000000004652229
10000100000000010000000004652223
10000100000000010000000004652228
10000100000000010000000004652719
10000100000000010000000004652712
10000100000000010000000004652714
10000100000000010000000004652711
10000100000000010000000004652700
10000100000000010000000004652721
10000100000000010000000004652699
10000100000000010000000004652702
10000100000000010000000004652718
10000100000000010000000004652722
10000100000000010000000004652708
10000100000000010000000004652703
10000100000000010000000004652710
10000100000000010000000004652707
10000100000000010000000004652704
10000100000000010000000004652697
10000100000000010000000004652706
10000100000000010000000004652705
10000100000000010000000004652715
10000100000000010000000004652701
10000100000000010000000004652713
10000100000000010000000004652709
10000100000000010000000004652698
10000100000000010000000004652717
10000100000000010000000004652720
10000100000000010000000004652716
10000100000000010000000004652751
10000100000000010000000004652748
10000100000000010000000004652765
10000100000000010000000004652742
10000100000000010000000004652763
10000100000000010000000004652744
10000100000000010000000004652758
10000100000000010000000004652747
10000100000000010000000004652746
10000100000000010000000004652762
10000100000000010000000004652761
10000100000000010000000004652767
10000100000000010000000004652769
10000100000000010000000004652766
10000100000000010000000004652745
10000100000000010000000004652754
10000100000000010000000004652750
10000100000000010000000004652760
10000100000000010000000004652757
10000100000000010000000004652768
10000100000000010000000004652755
10000100000000010000000004652753
10000100000000010000000004652752
10000100000000010000000004652756
10000100000000010000000004652759
10000100000000010000000004652741
10000100000000010000000004652743
10000100000000010000000004652740
10000100000000010000000004652764
10000100000000010000000004652749
10000100000000010000000004653037
10000100000000010000000004652996
10000100000000010000000004653033
10000100000000010000000004652997
10000100000000010000000004653021
10000100000000010000000004652998
10000100000000010000000004653009
10000100000000010000000004653036
10000100000000010000000004653003
10000100000000010000000004653031
10000100000000010000000004653024
10000100000000010000000004652989
10000100000000010000000004653002
10000100000000010000000004653001
10000100000000010000000004653022
10000100000000010000000004653032
10000100000000010000000004653030
10000100000000010000000004652993
10000100000000010000000004653038
10000100000000010000000004653026
10000100000000010000000004653012
10000100000000010000000004653000
10000100000000010000000004652995
10000100000000010000000004653029
10000100000000010000000004653007
10000100000000010000000004652988
10000100000000010000000004652991
10000100000000010000000004652990
10000100000000010000000004653018
10000100000000010000000004653027
10000100000000010000000004653020
10000100000000010000000004653013
10000100000000010000000004653016
10000100000000010000000004653019
10000100000000010000000004653028
10000100000000010000000004653010
10000100000000010000000004653008
10000100000000010000000004653039
10000100000000010000000004653017
10000100000000010000000004652992
10000100000000010000000004653014
10000100000000010000000004653004
10000100000000010000000004653006
10000100000000010000000004653011
10000100000000010000000004653023
10000100000000010000000004652994
10000100000000010000000004653034
10000100000000010000000004652999
10000100000000010000000004653025
10000100000000010000000004653035
10000100000000010000000004653005
10000100000000010000000004653015
10000100000000010000000004653709
10000100000000010000000004653718
10000100000000010000000004653719
10000100000000010000000004653721
10000100000000010000000004653712
10000100000000010000000004653726
10000100000000010000000004653720
10000100000000010000000004653727
10000100000000010000000004653716
10000100000000010000000004653722
10000100000000010000000004653723
10000100000000010000000004653710
10000100000000010000000004653708
10000100000000010000000004653724
10000100000000010000000004653715
10000100000000010000000004653714
10000100000000010000000004653711
10000100000000010000000004653725
10000100000000010000000004653717
10000100000000010000000004653713
10000100000000010000000004655008
10000100000000010000000004655009
10000100000000010000000004655011
10000100000000010000000004655004
10000100000000010000000004655000
10000100000000010000000004655007
10000100000000010000000004655010
10000100000000010000000004655003
10000100000000010000000004655002
10000100000000010000000004655006
10000100000000010000000004655001
10000100000000010000000004655005
10000100000000010000000004655717
10000100000000010000000004655720
10000100000000010000000004655736
10000100000000010000000004655698
10000100000000010000000004655735
10000100000000010000000004655712
10000100000000010000000004655696
10000100000000010000000004655707
10000100000000010000000004655703
10000100000000010000000004655699
10000100000000010000000004655726
10000100000000010000000004655714
10000100000000010000000004655737
10000100000000010000000004655722
10000100000000010000000004655683
10000100000000010000000004655713
10000100000000010000000004655702
10000100000000010000000004655697
10000100000000010000000004655681
10000100000000010000000004655694
10000100000000010000000004655688
10000100000000010000000004655685
10000100000000010000000004655725
10000100000000010000000004655733
10000100000000010000000004655686
10000100000000010000000004655729
10000100000000010000000004655705
10000100000000010000000004655708
10000100000000010000000004655704
10000100000000010000000004655718
10000100000000010000000004655727
10000100000000010000000004655716
10000100000000010000000004655700
10000100000000010000000004655687
10000100000000010000000004655695
10000100000000010000000004655706
10000100000000010000000004655728
10000100000000010000000004655689
10000100000000010000000004655723
10000100000000010000000004655680
10000100000000010000000004655682
10000100000000010000000004655715
10000100000000010000000004655690
10000100000000010000000004655711
10000100000000010000000004655692
10000100000000010000000004655691
10000100000000010000000004655693
10000100000000010000000004655719
10000100000000010000000004655684
10000100000000010000000004655732
10000100000000010000000004655701
10000100000000010000000004655709
10000100000000010000000004655731
10000100000000010000000004655724
10000100000000010000000004655721
10000100000000010000000004655734
10000100000000010000000004655730
10000100000000010000000004655710
10000100000000010000000004656421
10000100000000010000000004656429
10000100000000010000000004656424
10000100000000010000000004656426
10000100000000010000000004656422
10000100000000010000000004656431
10000100000000010000000004656427
10000100000000010000000004656423
10000100000000010000000004656425
10000100000000010000000004656428
10000100000000010000000004656430
10000100000000010000000004656420
10000100000000010000000004656432
10000100000000010000000004656485
10000100000000010000000004656493
10000100000000010000000004656479
10000100000000010000000004656474
10000100000000010000000004656484
10000100000000010000000004656491
10000100000000010000000004656472
10000100000000010000000004656478
10000100000000010000000004656501
10000100000000010000000004656497
10000100000000010000000004656502
10000100000000010000000004656490
10000100000000010000000004656500
10000100000000010000000004656492
10000100000000010000000004656486
10000100000000010000000004656470
10000100000000010000000004656476
10000100000000010000000004656487
10000100000000010000000004656488
10000100000000010000000004656475
10000100000000010000000004656494
10000100000000010000000004656473
10000100000000010000000004656482
10000100000000010000000004656498
10000100000000010000000004656499
10000100000000010000000004656489
10000100000000010000000004656483
10000100000000010000000004656481
10000100000000010000000004656496
10000100000000010000000004656471
10000100000000010000000004656480
10000100000000010000000004656495
10000100000000010000000004656477
10000100000000010000000004678928
10000100000000010000000004678932
10000100000000010000000004678921
10000100000000010000000004678922
10000100000000010000000004678919
10000100000000010000000004678924
10000100000000010000000004678923
10000100000000010000000004678927
10000100000000010000000004678929
10000100000000010000000004678917
10000100000000010000000004678911
10000100000000010000000004678925
10000100000000010000000004678913
10000100000000010000000004678908
10000100000000010000000004678916
10000100000000010000000004678933
10000100000000010000000004678930
10000100000000010000000004678931
10000100000000010000000004678909
10000100000000010000000004678915
10000100000000010000000004678912
10000100000000010000000004678926
10000100000000010000000004678918
10000100000000010000000004678914
10000100000000010000000004678910
10000100000000010000000004678920
10000100000000010000000004679021
10000100000000010000000004679029
10000100000000010000000004679022
10000100000000010000000004679023
10000100000000010000000004679030
10000100000000010000000004679025
10000100000000010000000004679028
10000100000000010000000004679019
10000100000000010000000004679024
10000100000000010000000004679026
10000100000000010000000004679027
10000100000000010000000004679020
10000100000000010000000004679018
10000100000000010000000004683685
10000100000000010000000004683683
10000100000000010000000004683695
10000100000000010000000004683672
10000100000000010000000004683692
10000100000000010000000004683694
10000100000000010000000004683697
10000100000000010000000004683689
10000100000000010000000004683691
10000100000000010000000004683673
10000100000000010000000004683678
10000100000000010000000004683680
10000100000000010000000004683693
10000100000000010000000004683675
10000100000000010000000004683679
10000100000000010000000004683681
10000100000000010000000004683674
10000100000000010000000004683690
10000100000000010000000004683682
10000100000000010000000004683687
10000100000000010000000004683676
10000100000000010000000004683688
10000100000000010000000004683696
10000100000000010000000004683684
10000100000000010000000004683677
10000100000000010000000004683686
10000100000000010000000004684004
10000100000000010000000004684003
10000100000000010000000004683989
10000100000000010000000004684007
10000100000000010000000004683997
10000100000000010000000004683987
10000100000000010000000004684006
10000100000000010000000004683994
10000100000000010000000004683991
10000100000000010000000004683990
10000100000000010000000004683992
10000100000000010000000004683985
10000100000000010000000004683982
10000100000000010000000004683986
10000100000000010000000004684000
10000100000000010000000004684002
10000100000000010000000004683998
10000100000000010000000004683984
10000100000000010000000004683993
10000100000000010000000004683999
10000100000000010000000004684001
10000100000000010000000004683995
10000100000000010000000004683988
10000100000000010000000004683996
10000100000000010000000004683983
10000100000000010000000004684005
10000100000000010000000004628181
10000100000000010000000004628199
10000100000000010000000004628174
10000100000000010000000004628192
10000100000000010000000004628169
10000100000000010000000004628167
10000100000000010000000004628185
10000100000000010000000004628166
10000100000000010000000004628165
10000100000000010000000004628186
10000100000000010000000004628178
10000100000000010000000004628195
10000100000000010000000004628171
10000100000000010000000004628182
10000100000000010000000004628189
10000100000000010000000004628183
10000100000000010000000004628180
10000100000000010000000004628203
10000100000000010000000004628204
10000100000000010000000004628188
10000100000000010000000004628200
10000100000000010000000004628205
10000100000000010000000004628196
10000100000000010000000004628197
10000100000000010000000004628179
10000100000000010000000004628163
10000100000000010000000004628170
10000100000000010000000004628177
10000100000000010000000004628202
10000100000000010000000004628193
10000100000000010000000004628175
10000100000000010000000004628184
10000100000000010000000004628172
10000100000000010000000004628201
10000100000000010000000004628164
10000100000000010000000004628198
10000100000000010000000004628173
10000100000000010000000004628176
10000100000000010000000004628187
10000100000000010000000004628191
10000100000000010000000004628168
10000100000000010000000004628190
10000100000000010000000004628194
10000100000000010000000004628541
10000100000000010000000004628553
10000100000000010000000004628522
10000100000000010000000004628516
10000100000000010000000004628528
10000100000000010000000004628554
10000100000000010000000004628506
10000100000000010000000004628511
10000100000000010000000004628519
10000100000000010000000004628512
10000100000000010000000004628544
10000100000000010000000004628517
10000100000000010000000004628520
10000100000000010000000004628531
10000100000000010000000004628513
10000100000000010000000004628508
10000100000000010000000004628515
10000100000000010000000004628533
10000100000000010000000004628518
10000100000000010000000004628507
10000100000000010000000004628540
10000100000000010000000004628543
10000100000000010000000004628509
10000100000000010000000004628535
10000100000000010000000004628548
10000100000000010000000004628545
10000100000000010000000004628551
10000100000000010000000004628510
10000100000000010000000004628542
10000100000000010000000004628530
10000100000000010000000004628537
10000100000000010000000004628503
10000100000000010000000004628547
10000100000000010000000004628538
10000100000000010000000004628539
10000100000000010000000004628526
10000100000000010000000004628504
10000100000000010000000004628523
10000100000000010000000004628524
10000100000000010000000004628552
10000100000000010000000004628549
10000100000000010000000004628505
10000100000000010000000004628527
10000100000000010000000004628550
10000100000000010000000004628521
10000100000000010000000004628536
10000100000000010000000004628529
10000100000000010000000004628514
10000100000000010000000004628532
10000100000000010000000004628534
10000100000000010000000004628525
10000100000000010000000004628546
10000100000000010000000004628807
10000100000000010000000004628803
10000100000000010000000004628808
10000100000000010000000004628816
10000100000000010000000004628813
10000100000000010000000004628805
10000100000000010000000004628804
10000100000000010000000004628812
10000100000000010000000004628810
10000100000000010000000004628811
10000100000000010000000004628815
10000100000000010000000004628809
10000100000000010000000004628814
10000100000000010000000004628806
10000100000000010000000004628834
10000100000000010000000004628825
10000100000000010000000004628844
10000100000000010000000004628829
10000100000000010000000004628837
10000100000000010000000004628833
10000100000000010000000004628845
10000100000000010000000004628828
10000100000000010000000004628836
10000100000000010000000004628835
10000100000000010000000004628826
10000100000000010000000004628840
10000100000000010000000004628839
10000100000000010000000004628838
10000100000000010000000004628842
10000100000000010000000004628827
10000100000000010000000004628848
10000100000000010000000004628832
10000100000000010000000004628831
10000100000000010000000004628830
10000100000000010000000004628847
10000100000000010000000004628846
10000100000000010000000004628824
10000100000000010000000004628843
10000100000000010000000004628823
10000100000000010000000004628841
10000100000000010000000004628155
10000100000000010000000004628159
10000100000000010000000004628150
10000100000000010000000004628160
10000100000000010000000004628153
10000100000000010000000004628158
10000100000000010000000004628151
10000100000000010000000004628157
10000100000000010000000004628161
10000100000000010000000004628154
10000100000000010000000004628156
10000100000000010000000004628152
10000100000000010000000004628162
10000100000000010000000004741277
10000100000000010000000004741271
10000100000000010000000004741270
10000100000000010000000004741266
10000100000000010000000004741254
10000100000000010000000004741260
10000100000000010000000004741257
10000100000000010000000004741291
10000100000000010000000004741284
10000100000000010000000004741288
10000100000000010000000004741269
10000100000000010000000004741281
10000100000000010000000004741280
10000100000000010000000004741285
10000100000000010000000004741282
10000100000000010000000004741273
10000100000000010000000004741263
10000100000000010000000004741274
10000100000000010000000004741268
10000100000000010000000004741256
10000100000000010000000004741278
10000100000000010000000004741255
10000100000000010000000004741279
10000100000000010000000004741287
10000100000000010000000004741261
10000100000000010000000004741259
10000100000000010000000004741275
10000100000000010000000004741283
10000100000000010000000004741258
10000100000000010000000004741267
10000100000000010000000004741265
10000100000000010000000004741272
10000100000000010000000004741290
10000100000000010000000004741253
10000100000000010000000004741276
10000100000000010000000004741264
10000100000000010000000004741262
10000100000000010000000004741286
10000100000000010000000004741289
10000100000000010000000004816660
10000100000000010000000004816666
10000100000000010000000004816670
10000100000000010000000004816659
10000100000000010000000004816658
10000100000000010000000004816667
10000100000000010000000004816661
10000100000000010000000004816657
10000100000000010000000004816674
10000100000000010000000004816655
10000100000000010000000004816671
10000100000000010000000004816675
10000100000000010000000004816668
10000100000000010000000004816673
10000100000000010000000004816651
10000100000000010000000004816653
10000100000000010000000004816652
10000100000000010000000004816654
10000100000000010000000004816664
10000100000000010000000004816656
10000100000000010000000004816672
10000100000000010000000004816662
10000100000000010000000004816676
10000100000000010000000004816669
10000100000000010000000004816663
10000100000000010000000004816665
10000100000000010000000004816705
10000100000000010000000004816686
10000100000000010000000004816694
10000100000000010000000004816690
10000100000000010000000004816697
10000100000000010000000004816701
10000100000000010000000004816691
10000100000000010000000004816684
10000100000000010000000004816708
10000100000000010000000004816685
10000100000000010000000004816693
10000100000000010000000004816696
10000100000000010000000004816699
10000100000000010000000004816706
10000100000000010000000004816707
10000100000000010000000004816687
10000100000000010000000004816703
10000100000000010000000004816704
10000100000000010000000004816709
10000100000000010000000004816689
10000100000000010000000004816695
10000100000000010000000004816688
10000100000000010000000004816692
10000100000000010000000004816700
10000100000000010000000004816702
10000100000000010000000004816698
10000100000000010000000004816755
10000100000000010000000004816746
10000100000000010000000004816736
10000100000000010000000004816737
10000100000000010000000004816744
10000100000000010000000004816756
10000100000000010000000004816735
10000100000000010000000004816748
10000100000000010000000004816749
10000100000000010000000004816738
10000100000000010000000004816742
10000100000000010000000004816739
10000100000000010000000004816732
10000100000000010000000004816745
10000100000000010000000004816750
10000100000000010000000004816740
10000100000000010000000004816753
10000100000000010000000004816757
10000100000000010000000004816752
10000100000000010000000004816741
10000100000000010000000004816734
10000100000000010000000004816754
10000100000000010000000004816751
10000100000000010000000004816733
10000100000000010000000004816743
10000100000000010000000004816747
10000100000000010000000004817426
10000100000000010000000004817477
10000100000000010000000004817368
10000100000000010000000004817431
10000100000000010000000004817432
10000100000000010000000004817485
10000100000000010000000004817512
10000100000000010000000004817487
10000100000000010000000004817480
10000100000000010000000004817443
10000100000000010000000004817364
10000100000000010000000004817362
10000100000000010000000004817462
10000100000000010000000004817363
10000100000000010000000004817482
10000100000000010000000004817421
10000100000000010000000004817370
10000100000000010000000004817493
10000100000000010000000004817442
10000100000000010000000004817422
10000100000000010000000004817486
10000100000000010000000004817509
10000100000000010000000004817427
10000100000000010000000004817489
10000100000000010000000004817457
10000100000000010000000004817401
10000100000000010000000004817465
10000100000000010000000004817439
10000100000000010000000004817425
10000100000000010000000004817474
10000100000000010000000004817367
10000100000000010000000004817491
10000100000000010000000004817416
10000100000000010000000004817508
10000100000000010000000004817520
10000100000000010000000004817470
10000100000000010000000004817475
10000100000000010000000004817390
10000100000000010000000004817394
10000100000000010000000004817473
10000100000000010000000004817515
10000100000000010000000004817488
10000100000000010000000004817397
10000100000000010000000004817484
10000100000000010000000004817517
10000100000000010000000004817496
10000100000000010000000004817409
10000100000000010000000004817435
10000100000000010000000004817420
10000100000000010000000004817399
10000100000000010000000004817497
10000100000000010000000004817403
10000100000000010000000004817381
10000100000000010000000004817413
10000100000000010000000004817446
10000100000000010000000004817481
10000100000000010000000004817379
10000100000000010000000004817456
10000100000000010000000004817505
10000100000000010000000004817423
10000100000000010000000004817466
10000100000000010000000004817461
10000100000000010000000004817385
10000100000000010000000004817450
10000100000000010000000004817418
10000100000000010000000004817384
10000100000000010000000004817434
10000100000000010000000004817449
10000100000000010000000004817495
10000100000000010000000004817380
10000100000000010000000004817412
10000100000000010000000004817419
10000100000000010000000004817511
10000100000000010000000004817476
10000100000000010000000004817378
10000100000000010000000004817411
10000100000000010000000004817471
10000100000000010000000004817376
10000100000000010000000004817391
10000100000000010000000004817373
10000100000000010000000004817499
10000100000000010000000004817440
10000100000000010000000004817365
10000100000000010000000004817454
10000100000000010000000004817383
10000100000000010000000004817451
10000100000000010000000004817382
10000100000000010000000004817366
10000100000000010000000004817396
10000100000000010000000004817516
10000100000000010000000004817514
10000100000000010000000004817447
10000100000000010000000004817455
10000100000000010000000004817389
10000100000000010000000004817398
10000100000000010000000004817452
10000100000000010000000004817371
10000100000000010000000004817402
10000100000000010000000004817392
10000100000000010000000004817464
10000100000000010000000004817448
10000100000000010000000004817430
10000100000000010000000004817502
10000100000000010000000004817463
10000100000000010000000004817492
10000100000000010000000004817405
10000100000000010000000004817438
10000100000000010000000004817407
10000100000000010000000004817444
10000100000000010000000004817437
10000100000000010000000004817388
10000100000000010000000004817467
10000100000000010000000004817510
10000100000000010000000004817429
10000100000000010000000004817479
10000100000000010000000004817501
10000100000000010000000004817436
10000100000000010000000004817377
10000100000000010000000004817428
10000100000000010000000004817375
10000100000000010000000004817361
10000100000000010000000004817404
10000100000000010000000004817387
10000100000000010000000004817415
10000100000000010000000004817504
10000100000000010000000004817460
10000100000000010000000004817414
10000100000000010000000004817513
10000100000000010000000004817500
10000100000000010000000004817433
10000100000000010000000004817478
10000100000000010000000004817393
10000100000000010000000004817507
10000100000000010000000004817386
10000100000000010000000004817400
10000100000000010000000004817453
10000100000000010000000004817374
10000100000000010000000004817441
10000100000000010000000004817469
10000100000000010000000004817395
10000100000000010000000004817408
10000100000000010000000004817417
10000100000000010000000004817369
10000100000000010000000004817519
10000100000000010000000004817445
10000100000000010000000004817372
10000100000000010000000004817518
10000100000000010000000004817498
10000100000000010000000004817490
10000100000000010000000004817406
10000100000000010000000004817472
10000100000000010000000004817483
10000100000000010000000004817459
10000100000000010000000004817468
10000100000000010000000004817410
10000100000000010000000004817506
10000100000000010000000004817494
10000100000000010000000004817458
10000100000000010000000004817503
10000100000000010000000004817424
10000100000000010000000004840176
10000100000000010000000004840177
10000100000000010000000004840175
10000100000000010000000004840178
10000100000000010000000004840174
10000100000000010000000004840698
10000100000000010000000004840741
10000100000000010000000004840735
10000100000000010000000004840731
10000100000000010000000004840719
10000100000000010000000004840753
10000100000000010000000004840725
10000100000000010000000004840730
10000100000000010000000004840726
10000100000000010000000004840712
10000100000000010000000004840717
10000100000000010000000004840744
10000100000000010000000004840706
10000100000000010000000004840707
10000100000000010000000004840729
10000100000000010000000004840724
10000100000000010000000004840738
10000100000000010000000004840739
10000100000000010000000004840705
10000100000000010000000004840703
10000100000000010000000004840754
10000100000000010000000004840710
10000100000000010000000004840740
10000100000000010000000004840746
10000100000000010000000004840701
10000100000000010000000004840713
10000100000000010000000004840737
10000100000000010000000004840715
10000100000000010000000004840716
10000100000000010000000004840709
10000100000000010000000004840700
10000100000000010000000004840728
10000100000000010000000004840732
10000100000000010000000004840752
10000100000000010000000004840733
10000100000000010000000004840721
10000100000000010000000004840711
10000100000000010000000004840745
10000100000000010000000004840696
10000100000000010000000004840736
10000100000000010000000004840702
10000100000000010000000004840755
10000100000000010000000004840747
10000100000000010000000004840714
10000100000000010000000004840748
10000100000000010000000004840734
10000100000000010000000004840743
10000100000000010000000004840723
10000100000000010000000004840722
10000100000000010000000004840697
10000100000000010000000004840699
10000100000000010000000004840720
10000100000000010000000004840751
10000100000000010000000004840742
10000100000000010000000004840704
10000100000000010000000004840718
10000100000000010000000004840750
10000100000000010000000004840708
10000100000000010000000004840749
10000100000000010000000004840727
10000100000000010000000004843869
10000100000000010000000004843855
10000100000000010000000004843865
10000100000000010000000004843895
10000100000000010000000004843871
10000100000000010000000004843876
10000100000000010000000004843860
10000100000000010000000004843888
10000100000000010000000004843896
10000100000000010000000004843874
10000100000000010000000004843845
10000100000000010000000004843872
10000100000000010000000004843857
10000100000000010000000004843879
10000100000000010000000004843890
10000100000000010000000004843875
10000100000000010000000004843881
10000100000000010000000004843852
10000100000000010000000004843884
10000100000000010000000004843856
10000100000000010000000004843854
10000100000000010000000004843893
10000100000000010000000004843885
10000100000000010000000004843900
10000100000000010000000004843862
10000100000000010000000004843897
10000100000000010000000004843870
10000100000000010000000004843866
10000100000000010000000004843877
10000100000000010000000004843853
10000100000000010000000004843864
10000100000000010000000004843891
10000100000000010000000004843886
10000100000000010000000004843848
10000100000000010000000004843878
10000100000000010000000004843880
10000100000000010000000004843846
10000100000000010000000004843850
10000100000000010000000004843894
10000100000000010000000004843898
10000100000000010000000004843861
10000100000000010000000004843868
10000100000000010000000004843904
10000100000000010000000004843899
10000100000000010000000004843851
10000100000000010000000004843882
10000100000000010000000004843883
10000100000000010000000004843902
10000100000000010000000004843849
10000100000000010000000004843859
10000100000000010000000004843887
10000100000000010000000004843889
10000100000000010000000004843892
10000100000000010000000004843847
10000100000000010000000004843901
10000100000000010000000004843873
10000100000000010000000004843903
10000100000000010000000004843867
10000100000000010000000004843858
10000100000000010000000004843863
10000100000000010000000004844064
10000100000000010000000004843987
10000100000000010000000004844055
10000100000000010000000004844116
10000100000000010000000004843977
10000100000000010000000004843982
10000100000000010000000004844017
10000100000000010000000004844095
10000100000000010000000004844080
10000100000000010000000004844010
10000100000000010000000004843997
10000100000000010000000004844014
10000100000000010000000004844040
10000100000000010000000004844006
10000100000000010000000004844020
10000100000000010000000004843989
10000100000000010000000004844004
10000100000000010000000004843967
10000100000000010000000004844011
10000100000000010000000004844065
10000100000000010000000004844105
10000100000000010000000004844008
10000100000000010000000004843975
10000100000000010000000004844086
10000100000000010000000004844077
10000100000000010000000004843966
10000100000000010000000004843992
10000100000000010000000004844056
10000100000000010000000004844090
10000100000000010000000004844003
10000100000000010000000004844027
10000100000000010000000004843995
10000100000000010000000004844087
10000100000000010000000004844061
10000100000000010000000004844112
10000100000000010000000004844107
10000100000000010000000004843971
10000100000000010000000004844063
10000100000000010000000004843970
10000100000000010000000004844067
10000100000000010000000004844021
10000100000000010000000004844053
10000100000000010000000004843991
10000100000000010000000004844054
10000100000000010000000004844019
10000100000000010000000004844068
10000100000000010000000004844039
10000100000000010000000004843985
10000100000000010000000004844062
10000100000000010000000004844035
10000100000000010000000004844070
10000100000000010000000004844030
10000100000000010000000004844071
10000100000000010000000004843984
10000100000000010000000004844007
10000100000000010000000004844052
10000100000000010000000004844082
10000100000000010000000004844037
10000100000000010000000004844078
10000100000000010000000004844114
10000100000000010000000004843988
10000100000000010000000004843998
10000100000000010000000004843964
10000100000000010000000004843986
10000100000000010000000004843993
10000100000000010000000004844079
10000100000000010000000004844018
10000100000000010000000004844029
10000100000000010000000004844101
10000100000000010000000004844024
10000100000000010000000004844012
10000100000000010000000004844083
10000100000000010000000004844075
10000100000000010000000004844113
10000100000000010000000004844048
10000100000000010000000004844115
10000100000000010000000004844015
10000100000000010000000004844025
10000100000000010000000004843978
10000100000000010000000004844057
10000100000000010000000004844102
10000100000000010000000004844103
10000100000000010000000004844088
10000100000000010000000004844026
10000100000000010000000004844091
10000100000000010000000004844098
10000100000000010000000004844009
10000100000000010000000004844043
10000100000000010000000004843976
10000100000000010000000004843994
10000100000000010000000004844016
10000100000000010000000004844066
10000100000000010000000004844049
10000100000000010000000004844058
10000100000000010000000004843980
10000100000000010000000004843990
10000100000000010000000004844108
10000100000000010000000004844023
10000100000000010000000004844074
10000100000000010000000004844069
10000100000000010000000004844051
10000100000000010000000004844031
10000100000000010000000004844100
10000100000000010000000004844060
10000100000000010000000004843983
10000100000000010000000004844002
10000100000000010000000004843965
10000100000000010000000004844050
10000100000000010000000004844072
10000100000000010000000004844032
10000100000000010000000004844028
10000100000000010000000004843968
10000100000000010000000004844042
10000100000000010000000004844001
10000100000000010000000004843969
10000100000000010000000004844106
10000100000000010000000004843973
10000100000000010000000004843979
10000100000000010000000004844036
10000100000000010000000004843996
10000100000000010000000004844047
10000100000000010000000004844081
10000100000000010000000004843974
10000100000000010000000004844094
10000100000000010000000004844013
10000100000000010000000004844109
10000100000000010000000004844093
10000100000000010000000004844059
10000100000000010000000004844046
10000100000000010000000004844000
10000100000000010000000004844104
10000100000000010000000004844119
10000100000000010000000004844073
10000100000000010000000004844097
10000100000000010000000004843972
10000100000000010000000004844034
10000100000000010000000004844005
10000100000000010000000004844118
10000100000000010000000004844045
10000100000000010000000004844044
10000100000000010000000004844076
10000100000000010000000004844099
10000100000000010000000004844111
10000100000000010000000004844085
10000100000000010000000004843999
10000100000000010000000004844022
10000100000000010000000004844041
10000100000000010000000004844089
10000100000000010000000004844084
10000100000000010000000004844033
10000100000000010000000004844110
10000100000000010000000004843981
10000100000000010000000004844096
10000100000000010000000004844117
10000100000000010000000004844038
10000100000000010000000004844092
